///moves///
88
///is_map_find, is_map_activ, is_attack, is_tips_activ///
1 0 0 0
///playerX, playerY, name, health, maxHealth///
37 4 E 100 55
///slimes///
4 10 100 100
4 16 100 100
4 24 100 100
4 30 100 100
24 24 0 100
24 24 0 100
24 24 0 100
13 3 100 100
13 39 100 100
12 16 100 100
12 24 100 100
20 13 100 100
20 28 100 100
17 20 100 100
22 1 100 100
22 39 100 100
25 20 100 100
28 1 100 100
28 39 100 100
35 13 100 100
35 27 100 100
37 3 100 100
37 37 100 100
16 39 100 100
22 39 100 100
25 37 100 100
33 37 100 100
33 3 100 100
///levers///
1
0
0
0
0
0
0
0
0
0
0
0
0
0
0
0
0
0
0
0
0
